<?xml version='1.0' encoding='UTF-8' standalone='no'?>
<doxygen xmlns:xsi="http://www.w3.org/2001/XMLSchema-instance" xsi:noNamespaceSchemaLocation="compound.xsd" version="1.8.17">
  <compounddef id="structpbat_1_1math_1_1GaussLegendreQuadrature_3_012_00_016_01_4" kind="struct" language="C++" prot="public">
    <compoundname>pbat::math::GaussLegendreQuadrature&lt; 2, 6 &gt;</compoundname>
    <templateparamlist>
    </templateparamlist>
      <sectiondef kind="public-static-attrib">
      <memberdef kind="variable" id="structpbat_1_1math_1_1GaussLegendreQuadrature_3_012_00_016_01_4_1ae185f1653e782f7fce086c9235ea8662" prot="public" static="yes" constexpr="yes" mutable="no">
        <type>constexpr std::uint8_t</type>
        <definition>constexpr std::uint8_t pbat::math::GaussLegendreQuadrature&lt; 2, 6 &gt;::kDims</definition>
        <argsstring></argsstring>
        <name>kDims</name>
        <initializer>= 2</initializer>
        <briefdescription>
        </briefdescription>
        <detaileddescription>
        </detaileddescription>
        <inbodydescription>
        </inbodydescription>
        <location file="/workspaces/PhysicsBasedAnimationToolkit/source/pbat/math/GaussQuadrature.h" line="519" column="42" bodyfile="/workspaces/PhysicsBasedAnimationToolkit/source/pbat/math/GaussQuadrature.h" bodystart="519" bodyend="-1"/>
      </memberdef>
      <memberdef kind="variable" id="structpbat_1_1math_1_1GaussLegendreQuadrature_3_012_00_016_01_4_1a2e04fd7922c62c77887b42de1a7628e1" prot="public" static="yes" constexpr="yes" mutable="no">
        <type>constexpr std::uint8_t</type>
        <definition>constexpr std::uint8_t pbat::math::GaussLegendreQuadrature&lt; 2, 6 &gt;::kOrder</definition>
        <argsstring></argsstring>
        <name>kOrder</name>
        <initializer>= 6</initializer>
        <briefdescription>
        </briefdescription>
        <detaileddescription>
        </detaileddescription>
        <inbodydescription>
        </inbodydescription>
        <location file="/workspaces/PhysicsBasedAnimationToolkit/source/pbat/math/GaussQuadrature.h" line="520" column="42" bodyfile="/workspaces/PhysicsBasedAnimationToolkit/source/pbat/math/GaussQuadrature.h" bodystart="520" bodyend="-1"/>
      </memberdef>
      <memberdef kind="variable" id="structpbat_1_1math_1_1GaussLegendreQuadrature_3_012_00_016_01_4_1ad5cb7f58daae8664ef51b94a9cdf4391" prot="public" static="yes" constexpr="yes" mutable="no">
        <type>constexpr int</type>
        <definition>constexpr int pbat::math::GaussLegendreQuadrature&lt; 2, 6 &gt;::kPoints</definition>
        <argsstring></argsstring>
        <name>kPoints</name>
        <initializer>= 36</initializer>
        <briefdescription>
        </briefdescription>
        <detaileddescription>
        </detaileddescription>
        <inbodydescription>
        </inbodydescription>
        <location file="/workspaces/PhysicsBasedAnimationToolkit/source/pbat/math/GaussQuadrature.h" line="521" column="33" bodyfile="/workspaces/PhysicsBasedAnimationToolkit/source/pbat/math/GaussQuadrature.h" bodystart="521" bodyend="-1"/>
      </memberdef>
      <memberdef kind="variable" id="structpbat_1_1math_1_1GaussLegendreQuadrature_3_012_00_016_01_4_1ac89d62e915af6c94e24f13a4315a3889" prot="public" static="yes" constexpr="yes" mutable="no">
        <type>constexpr std::array&lt; Scalar,(kDims+1) *kPoints &gt;</type>
        <definition>constexpr std::array&lt;Scalar, (kDims + 1) * kPoints&gt; pbat::math::GaussLegendreQuadrature&lt; 2, 6 &gt;::points</definition>
        <argsstring></argsstring>
        <name>points</name>
        <briefdescription>
        </briefdescription>
        <detaileddescription>
        </detaileddescription>
        <inbodydescription>
        </inbodydescription>
        <location file="/workspaces/PhysicsBasedAnimationToolkit/source/pbat/math/GaussQuadrature.h" line="522" column="40" bodyfile="/workspaces/PhysicsBasedAnimationToolkit/source/pbat/math/GaussQuadrature.h" bodystart="522" bodyend="-1"/>
      </memberdef>
      <memberdef kind="variable" id="structpbat_1_1math_1_1GaussLegendreQuadrature_3_012_00_016_01_4_1ac7f05e36c4090fb53d7a105cb292eba1" prot="public" static="yes" constexpr="yes" mutable="no">
        <type>constexpr std::array&lt; Scalar, kPoints &gt;</type>
        <definition>constexpr std::array&lt;Scalar, kPoints&gt; pbat::math::GaussLegendreQuadrature&lt; 2, 6 &gt;::weights</definition>
        <argsstring></argsstring>
        <name>weights</name>
        <initializer>= {
        0.00733802042226703, 0.0154518233430726,  0.0200412793294391,  0.0200412793294391,
        0.0154518233430726,  0.00733802042226703, 0.0154518233430726,  0.0325372281468468,
        0.0422013417716808,  0.0422013417716808,  0.0325372281468468,  0.0154518233430726,
        0.0200412793294391,  0.0422013417716808,  0.0547358625415917,  0.0547358625415917,
        0.0422013417716808,  0.0200412793294391,  0.0200412793294391,  0.0422013417716808,
        0.0547358625415917,  0.0547358625415917,  0.0422013417716808,  0.0200412793294391,
        0.0154518233430726,  0.0325372281468468,  0.0422013417716808,  0.0422013417716808,
        0.0325372281468468,  0.0154518233430726,  0.00733802042226703, 0.0154518233430726,
        0.0200412793294391,  0.0200412793294391,  0.0154518233430726,  0.00733802042226703}</initializer>
        <briefdescription>
        </briefdescription>
        <detaileddescription>
        </detaileddescription>
        <inbodydescription>
        </inbodydescription>
        <location file="/workspaces/PhysicsBasedAnimationToolkit/source/pbat/math/GaussQuadrature.h" line="631" column="40" bodyfile="/workspaces/PhysicsBasedAnimationToolkit/source/pbat/math/GaussQuadrature.h" bodystart="631" bodyend="-1"/>
      </memberdef>
      </sectiondef>
    <briefdescription>
    </briefdescription>
    <detaileddescription>
    </detaileddescription>
    <location file="/workspaces/PhysicsBasedAnimationToolkit/source/pbat/math/GaussQuadrature.h" line="518" column="1" bodyfile="/workspaces/PhysicsBasedAnimationToolkit/source/pbat/math/GaussQuadrature.h" bodystart="517" bodyend="641"/>
    <listofallmembers>
      <member refid="structpbat_1_1math_1_1GaussLegendreQuadrature_3_012_00_016_01_4_1ae185f1653e782f7fce086c9235ea8662" prot="public" virt="non-virtual"><scope>pbat::math::GaussLegendreQuadrature&lt; 2, 6 &gt;</scope><name>kDims</name></member>
      <member refid="structpbat_1_1math_1_1GaussLegendreQuadrature_3_012_00_016_01_4_1a2e04fd7922c62c77887b42de1a7628e1" prot="public" virt="non-virtual"><scope>pbat::math::GaussLegendreQuadrature&lt; 2, 6 &gt;</scope><name>kOrder</name></member>
      <member refid="structpbat_1_1math_1_1GaussLegendreQuadrature_3_012_00_016_01_4_1ad5cb7f58daae8664ef51b94a9cdf4391" prot="public" virt="non-virtual"><scope>pbat::math::GaussLegendreQuadrature&lt; 2, 6 &gt;</scope><name>kPoints</name></member>
      <member refid="structpbat_1_1math_1_1GaussLegendreQuadrature_3_012_00_016_01_4_1ac89d62e915af6c94e24f13a4315a3889" prot="public" virt="non-virtual"><scope>pbat::math::GaussLegendreQuadrature&lt; 2, 6 &gt;</scope><name>points</name></member>
      <member refid="structpbat_1_1math_1_1GaussLegendreQuadrature_3_012_00_016_01_4_1ac7f05e36c4090fb53d7a105cb292eba1" prot="public" virt="non-virtual"><scope>pbat::math::GaussLegendreQuadrature&lt; 2, 6 &gt;</scope><name>weights</name></member>
    </listofallmembers>
  </compounddef>
</doxygen>
