<?xml version='1.0' encoding='UTF-8' standalone='no'?>
<doxygen xmlns:xsi="http://www.w3.org/2001/XMLSchema-instance" xsi:noNamespaceSchemaLocation="compound.xsd" version="1.8.17">
  <compounddef id="structpbat_1_1math_1_1GaussLegendreQuadrature_3_012_00_019_01_4" kind="struct" language="C++" prot="public">
    <compoundname>pbat::math::GaussLegendreQuadrature&lt; 2, 9 &gt;</compoundname>
    <templateparamlist>
    </templateparamlist>
      <sectiondef kind="public-static-attrib">
      <memberdef kind="variable" id="structpbat_1_1math_1_1GaussLegendreQuadrature_3_012_00_019_01_4_1ae3d55dea67cb983762c85c9b542db002" prot="public" static="yes" constexpr="yes" mutable="no">
        <type>constexpr std::uint8_t</type>
        <definition>constexpr std::uint8_t pbat::math::GaussLegendreQuadrature&lt; 2, 9 &gt;::kDims</definition>
        <argsstring></argsstring>
        <name>kDims</name>
        <initializer>= 2</initializer>
        <briefdescription>
        </briefdescription>
        <detaileddescription>
        </detaileddescription>
        <inbodydescription>
        </inbodydescription>
        <location file="/workspaces/PhysicsBasedAnimationToolkit/source/pbat/math/GaussQuadrature.h" line="1034" column="42" bodyfile="/workspaces/PhysicsBasedAnimationToolkit/source/pbat/math/GaussQuadrature.h" bodystart="1034" bodyend="-1"/>
      </memberdef>
      <memberdef kind="variable" id="structpbat_1_1math_1_1GaussLegendreQuadrature_3_012_00_019_01_4_1ae24c469f9b108a8d0f5517dfc1a2ea89" prot="public" static="yes" constexpr="yes" mutable="no">
        <type>constexpr std::uint8_t</type>
        <definition>constexpr std::uint8_t pbat::math::GaussLegendreQuadrature&lt; 2, 9 &gt;::kOrder</definition>
        <argsstring></argsstring>
        <name>kOrder</name>
        <initializer>= 9</initializer>
        <briefdescription>
        </briefdescription>
        <detaileddescription>
        </detaileddescription>
        <inbodydescription>
        </inbodydescription>
        <location file="/workspaces/PhysicsBasedAnimationToolkit/source/pbat/math/GaussQuadrature.h" line="1035" column="42" bodyfile="/workspaces/PhysicsBasedAnimationToolkit/source/pbat/math/GaussQuadrature.h" bodystart="1035" bodyend="-1"/>
      </memberdef>
      <memberdef kind="variable" id="structpbat_1_1math_1_1GaussLegendreQuadrature_3_012_00_019_01_4_1a9685c6ddbebb87b4d50b0ddc600539e6" prot="public" static="yes" constexpr="yes" mutable="no">
        <type>constexpr int</type>
        <definition>constexpr int pbat::math::GaussLegendreQuadrature&lt; 2, 9 &gt;::kPoints</definition>
        <argsstring></argsstring>
        <name>kPoints</name>
        <initializer>= 81</initializer>
        <briefdescription>
        </briefdescription>
        <detaileddescription>
        </detaileddescription>
        <inbodydescription>
        </inbodydescription>
        <location file="/workspaces/PhysicsBasedAnimationToolkit/source/pbat/math/GaussQuadrature.h" line="1036" column="33" bodyfile="/workspaces/PhysicsBasedAnimationToolkit/source/pbat/math/GaussQuadrature.h" bodystart="1036" bodyend="-1"/>
      </memberdef>
      <memberdef kind="variable" id="structpbat_1_1math_1_1GaussLegendreQuadrature_3_012_00_019_01_4_1a022be1e0f82d18903ea8e072628686aa" prot="public" static="yes" constexpr="yes" mutable="no">
        <type>constexpr std::array&lt; Scalar,(kDims+1) *kPoints &gt;</type>
        <definition>constexpr std::array&lt;Scalar, (kDims + 1) * kPoints&gt; pbat::math::GaussLegendreQuadrature&lt; 2, 9 &gt;::points</definition>
        <argsstring></argsstring>
        <name>points</name>
        <briefdescription>
        </briefdescription>
        <detaileddescription>
        </detaileddescription>
        <inbodydescription>
        </inbodydescription>
        <location file="/workspaces/PhysicsBasedAnimationToolkit/source/pbat/math/GaussQuadrature.h" line="1037" column="40" bodyfile="/workspaces/PhysicsBasedAnimationToolkit/source/pbat/math/GaussQuadrature.h" bodystart="1037" bodyend="-1"/>
      </memberdef>
      <memberdef kind="variable" id="structpbat_1_1math_1_1GaussLegendreQuadrature_3_012_00_019_01_4_1ae3ec89a345012cd6cafe47a4e243b79b" prot="public" static="yes" constexpr="yes" mutable="no">
        <type>constexpr std::array&lt; Scalar, kPoints &gt;</type>
        <definition>constexpr std::array&lt;Scalar, kPoints&gt; pbat::math::GaussLegendreQuadrature&lt; 2, 9 &gt;::weights</definition>
        <argsstring></argsstring>
        <name>weights</name>
        <initializer>= {
        0.00165138155088946, 0.00367051719227588, 0.00529524373762829, 0.00634645441075507,
        0.00671000039764614, 0.00634645441075507, 0.00529524373762829, 0.00367051719227588,
        0.00165138155088946, 0.00367051719227588, 0.00815843949058057, 0.0117697107405536,
        0.0141062312414260,  0.0149142830174362,  0.0141062312414260,  0.0117697107405536,
        0.00815843949058057, 0.00367051719227588, 0.00529524373762829, 0.0117697107405536,
        0.0169794837696890,  0.0203502473166140,  0.0215159770714293,  0.0203502473166140,
        0.0169794837696890,  0.0117697107405536,  0.00529524373762829, 0.00634645441075507,
        0.0141062312414260,  0.0203502473166140,  0.0243901741339536,  0.0257873243145248,
        0.0243901741339536,  0.0203502473166140,  0.0141062312414260,  0.00634645441075507,
        0.00671000039764614, 0.0149142830174362,  0.0215159770714293,  0.0257873243145248,
        0.0272645078977421,  0.0257873243145248,  0.0215159770714293,  0.0149142830174362,
        0.00671000039764614, 0.00634645441075507, 0.0141062312414260,  0.0203502473166140,
        0.0243901741339536,  0.0257873243145248,  0.0243901741339536,  0.0203502473166140,
        0.0141062312414260,  0.00634645441075507, 0.00529524373762829, 0.0117697107405536,
        0.0169794837696890,  0.0203502473166140,  0.0215159770714293,  0.0203502473166140,
        0.0169794837696890,  0.0117697107405536,  0.00529524373762829, 0.00367051719227588,
        0.00815843949058057, 0.0117697107405536,  0.0141062312414260,  0.0149142830174362,
        0.0141062312414260,  0.0117697107405536,  0.00815843949058057, 0.00367051719227588,
        0.00165138155088946, 0.00367051719227588, 0.00529524373762829, 0.00634645441075507,
        0.00671000039764614, 0.00634645441075507, 0.00529524373762829, 0.00367051719227588,
        0.00165138155088946}</initializer>
        <briefdescription>
        </briefdescription>
        <detaileddescription>
        </detaileddescription>
        <inbodydescription>
        </inbodydescription>
        <location file="/workspaces/PhysicsBasedAnimationToolkit/source/pbat/math/GaussQuadrature.h" line="1281" column="40" bodyfile="/workspaces/PhysicsBasedAnimationToolkit/source/pbat/math/GaussQuadrature.h" bodystart="1281" bodyend="-1"/>
      </memberdef>
      </sectiondef>
    <briefdescription>
    </briefdescription>
    <detaileddescription>
    </detaileddescription>
    <location file="/workspaces/PhysicsBasedAnimationToolkit/source/pbat/math/GaussQuadrature.h" line="1033" column="1" bodyfile="/workspaces/PhysicsBasedAnimationToolkit/source/pbat/math/GaussQuadrature.h" bodystart="1032" bodyend="1303"/>
    <listofallmembers>
      <member refid="structpbat_1_1math_1_1GaussLegendreQuadrature_3_012_00_019_01_4_1ae3d55dea67cb983762c85c9b542db002" prot="public" virt="non-virtual"><scope>pbat::math::GaussLegendreQuadrature&lt; 2, 9 &gt;</scope><name>kDims</name></member>
      <member refid="structpbat_1_1math_1_1GaussLegendreQuadrature_3_012_00_019_01_4_1ae24c469f9b108a8d0f5517dfc1a2ea89" prot="public" virt="non-virtual"><scope>pbat::math::GaussLegendreQuadrature&lt; 2, 9 &gt;</scope><name>kOrder</name></member>
      <member refid="structpbat_1_1math_1_1GaussLegendreQuadrature_3_012_00_019_01_4_1a9685c6ddbebb87b4d50b0ddc600539e6" prot="public" virt="non-virtual"><scope>pbat::math::GaussLegendreQuadrature&lt; 2, 9 &gt;</scope><name>kPoints</name></member>
      <member refid="structpbat_1_1math_1_1GaussLegendreQuadrature_3_012_00_019_01_4_1a022be1e0f82d18903ea8e072628686aa" prot="public" virt="non-virtual"><scope>pbat::math::GaussLegendreQuadrature&lt; 2, 9 &gt;</scope><name>points</name></member>
      <member refid="structpbat_1_1math_1_1GaussLegendreQuadrature_3_012_00_019_01_4_1ae3ec89a345012cd6cafe47a4e243b79b" prot="public" virt="non-virtual"><scope>pbat::math::GaussLegendreQuadrature&lt; 2, 9 &gt;</scope><name>weights</name></member>
    </listofallmembers>
  </compounddef>
</doxygen>
